2.092696719033747321e+00
-3.645537827555863863e+00
5.021241010532138560e+00
-9.886423234797570458e+00
-1.811777744346236840e+00
4.375233371669495774e+00
-1.394501549571351529e+00
-2.079440578288741737e+00
-5.449586934337945721e+00
3.302394543049082642e+00
5.122884329553164307e+00
-7.329453823506652199e+00
9.835817419447527854e+00
-2.893167254014387346e+00
5.444290273052884821e+00
-7.556035919593243610e-01
-1.545382776782183276e+00
1.898947770384973754e+00
-5.906087495068918614e+00
-3.316341764130811942e+00
3.396174244858686908e+00
2.570617828428181539e+00
6.367348597227617812e-01
1.746489961388621781e+00
-2.592788922992316447e+00
5.644333221117953769e+00
-1.331579283056751883e+00
4.563261651534862295e+00
2.418887462811923239e+00
-5.027814514307739735e+00
6.277580233038969837e+00
-1.463706710117047560e-01
-4.421824968696619784e+00
1.591223388065737598e+00
-1.374492047046177667e+00
-4.606758369431651623e+00
3.789131290675943897e-01
-1.189421579586815714e+00
-1.362046748237656812e+00
-2.161676007963896140e+00
2.140334396708882814e+00
2.018620630595043597e+00
-5.173512523553042364e+00
1.021001543308795334e+00
4.655754053167150630e+00
-4.904231044403275952e+00
-4.881211551779109037e+00
6.627414996852090123e-01
3.782433532369152918e+00
-3.597994479584131433e+00
-4.372535534732011619e+00
9.691561480798792871e+00
2.723199586068582256e+00
-3.017572463950817685e+00
2.517115082210843457e+00
1.227524488501702749e+01
-4.183020938157532065e+00
2.923848984582829047e+00
-2.464331403395167097e+00
2.400607769753691223e-01
6.908714833688732737e-01
-6.861434467106483304e+00
3.109969002116822256e+00
-1.666911136856163322e+00
1.651402394393852724e+00
-1.096266431430178989e-01
-5.293321567454373211e-01
7.246491814807681564e+00
5.967070664795433299e-02
4.942972422643789332e-01
-5.988113287639413862e+00
1.234442056302552437e+00
7.040394745840127255e-01
-7.225961633463839906e-02
-4.491045924329776007e+00
-6.723244740400125430e+00
-4.875719300293701153e+00
-2.738136653579363422e+00
2.109689671303160097e+00
-7.184825516102661069e+00
3.924181215530190059e+00
3.690123446607833202e+00
-9.982636423155236471e+00
-4.719873766934838955e+00
-1.552007780771893053e+00
4.419776673891369079e+00
-1.136824034715285953e-01
-1.086516577590763921e+00
2.636535531720401782e+00
1.087340490976738794e+00
2.582675195008788727e+00
1.791603822663261125e+00
-1.505127019333610816e+00
1.093096734536917758e+01
4.754676182660666051e+00
6.116474246990557084e+00
-5.252700480630259960e+00
-3.078394543197997102e+00
1.003213921054695135e+01
-1.666335102928696799e+00
1.689962074520870772e+00
7.155699226083918951e+00
2.868269997849547170e+00
-1.816275563020315564e+00
-1.570362747658661906e+00
8.830377835880842241e+00
-9.835958862410114634e-01
1.434513045979716628e+00
-1.885767120413260001e+00
-1.349402491853268993e+00
-6.794770206544614721e-01
-7.290373266315034684e+00
2.170232519074691169e+01
-5.409805862178250102e+00
2.791779729986696434e+00
2.183598794598855530e+00
-4.826937087032502127e+00
-4.274713297926559186e+00
2.263949200475504853e+00
-2.454050391987665947e+00
9.302556551057031831e-01
-2.158606235697222875e+00
-1.381230078951339035e-01
6.213503012405095838e+00
-3.436611340613533461e+00
-3.661441726696661014e+00
1.271759002487724999e+01
3.978721028178268337e+00
-5.399251295770505443e+00
3.237286668391925915e+00
-4.458787389104604593e+00
-8.268871708772579376e-01
5.999904277071985703e+00
-4.780703381832375420e+00
3.970624516241973989e+00
-3.696034089156963742e-01
3.154470800382597750e-01
-3.756638826153984478e+00
3.054867422122748977e+00
5.143622677996605441e-01
1.764493467688496864e+01
-7.170003144008985085e-01
-5.703266689518748933e+00
-1.476875781994164971e-01
-1.573783861545639651e+00
4.243306687294453816e+00
-4.412257798858598257e+00
-6.268575782725182011e-01
-5.066535985877131054e+00
-5.465845488225048676e+00
-6.719452324017745060e-01
-5.818391107637788107e-01
5.089618269745223245e+00
7.543298972559075999e+00
9.752584843038432094e-01
-5.258546445513896828e+00
2.762382943121837631e+00
1.391550239223041885e+00
3.888729567035331680e+00
-1.110833772917050544e+00
8.326482069548039044e-01
-5.950879871486208117e+00
-5.196380606013200953e+00
-6.296346207133916018e-01
-3.022119503096401871e+00
4.340666989726383873e-01
8.697877827377553217e+00
2.360873587951452190e+00
-2.435897206232639167e+00
5.710909329832543513e+00
-1.096803759640867737e+00
-4.185534819876953527e+00
3.964327046259875864e+00
9.682704215168458362e+00
3.440498200041642640e+00
-2.000354302293452236e+00
-1.791992129692592473e+00
3.762657398190713209e+00
2.309050548683850845e+00
-2.943767574393720388e+00
2.494395491359764350e+00
2.343802516389970059e+00
-2.369275902314914806e+00
1.688869445796600743e+01
1.134484480299810549e+01
-1.534837080497039263e+00
-7.394348015708234190e-01
5.323122470529822792e+00
-5.686860947241871855e+00
3.496640502543405304e+00
-1.428281767034811800e+00
4.899936527504692663e+00
2.351918726756110445e+01
-4.945178266617769935e+00
-1.448022135802150778e+00
1.575865128090134126e+00
-5.825026063201637960e+00
-1.746117020358975980e+00
3.345337995140015508e+00
1.967978090933574453e+00
-1.473220099524410465e+00
-6.904518577087627840e+00
1.277149884833198001e+01
4.035706417134269586e+00
1.697613036055031444e+01
5.610613292472896418e+00
2.474279405241641783e+01
-6.218406759932889827e+00
2.502141023272261844e+00
-5.734951816986972872e+00
-4.825370430446530357e+00
-3.263757702980010666e+00
1.490101851476872241e+01
9.057929229361495471e-01
-7.101036726812461453e+00
-1.017793590974589213e+00
8.380158132770096913e+00
1.987697857195254825e+00
-4.200287600888186645e+00
-2.721649619614127769e+00
2.821984600144367583e+00
8.695703833029935215e-01
7.669986174839736881e-01
-2.171266028048805197e+00
4.551990418903542945e+00
-7.584367082713319164e-01
-5.452246682154143542e+00
3.419791928331327391e+00
9.918469495975056338e-01
7.806470481438971376e+00
-5.053877472229364898e+00
2.954512852726848493e+00
1.038483727394570799e+01
-1.105557513591904772e+01
2.944286475576386231e+00
1.089209131093646477e+01
-1.485597860528429237e+00
-1.861816630772259451e+00
3.021546046174930389e+00
-3.608738327003699453e+00
-1.884089046663557809e+00
-2.788852929876929121e+00
3.307950127413219477e-01
4.197660053715844830e-01
-5.360624739851884257e+00
-2.711813262570470950e+00
-6.547793500615598283e+00
1.892351358693817653e+00
-1.406337330366447702e+00
-6.916064232676159662e+00
6.025880073255138747e+00
-2.098446664037799003e+00
-8.554969487833815833e+00
-5.267685071441640332e+00
-1.698685806797136211e+00
-4.144557802314731809e+00
5.068154263938139614e+00
-6.927661212820817482e+00
-3.460912966479456898e+00
2.280856418132786612e+00
1.097483478872092277e+01
4.876507436354100555e+00
8.463172175900822936e+00
-3.638876520077580334e+00
-7.098697612186273709e+00
-1.344663826333493573e+00
3.840348047112209340e+00
-1.199095854215516788e+00
-1.260821494347221128e+00
1.388121281413887131e-01
-1.205200294281028262e+00
-2.414741239457073529e+00
-4.158684678139594304e+00
-2.493820858160906262e+00
-4.204283942475445457e+00
-2.944205147241981124e-01
-2.703222231368478834e+00
-8.913383978468966129e-01
2.599518775686693761e+00
1.053889545527604099e+01
6.204006436446198869e-01
6.715198323049934359e+00
-3.155234302940982616e+00
4.622178467757230180e+00
-4.060395623334001947e+00
8.185869947723763973e-01
9.164517076490433789e-01
-3.557166077299187101e+00
-1.110193340491538727e+00
-1.598119058197726927e+00
6.835682694998007625e-01
1.860253039874446346e+00
-5.199324820697639460e+00
2.660331031512156663e+00
-2.234497125662234573e+00
-3.209060253254226058e+00
4.723293510801469530e+00
1.736757164804864972e+00
3.072926070955170896e+00
1.756484419742795344e+00
7.193966018036391574e+00
-3.630759835118742451e+00
-1.599782888235095957e+00
2.698255505312557645e+00
-4.167038702773646075e-01
1.064937884358516662e-01
1.323253761733648837e+00
-6.027212328201290603e+00
3.140930802443533842e+00
-1.428703088173805424e+00
2.572953221932470669e+00
6.010799242901250672e+00
3.290107119509559919e+00
-2.158926048087352001e+00
-3.371189698751011488e+00
-1.163007787033427443e+00
-2.185552799090372478e+00
2.600196105887677245e+00
-7.396904211185370670e+00
-6.343396667410180489e-01
-1.169551516163438998e-01
8.956245585086373140e-01
-4.785881642247733936e+00
1.519613573505598225e+00
1.668169486430149062e+00
1.511647541333299483e+00
6.975947539744066228e-01
1.201060364761791899e+00
2.157541331211573876e+01
-7.448321671410558231e+00
-1.374371820454804771e+00
2.890974108003864451e+00
1.323871973981888495e+00
-1.319875288567930738e-01
-2.505916647786667339e-01
6.364460799461745255e-01
1.724649319512445489e+00
-4.906890134670224279e-01
-6.088903277078421716e+00
-1.911177968325992849e+00
1.481807937006812459e+00
2.337887287932055802e+00
3.906665382195612324e+00
4.112915711093669380e+00
8.271351370142848713e-01
-2.733439740961293718e-01
2.243061460628973158e+00
1.476362897750986169e+00
1.117226074614611431e+00
1.097344184524988719e+00
1.166058429742599323e+00
-1.423472491112367733e+00
-3.975953385958582942e+00
-1.815514439838577632e+00
2.807482782818575995e+00
4.389696015359300318e+00
1.326496992104827743e+00
-2.233042508532916859e+00
-1.092132877821843984e+00
-3.129484876418626271e+00
-9.870154767449340616e-01
-7.338689392170291148e-01
1.576311859014428585e+01
5.150406888990991527e-01
3.008033958078122350e+00
-4.236473548973591186e+00
-2.220285777699417817e+00
-2.724198160908089861e+00
-3.826536819477676654e-01
-3.469403735654933651e+00
8.201498424466979742e-01
5.109694795390953281e+00
-5.469500285379988114e+00
-3.021670358652755350e+00
-3.623770273794621577e+00
-1.049402827516663139e+00
-1.401283445270969708e+00
-3.908310540288126855e+00
1.023237881550970396e+00
1.711491859142372451e+00
3.489280952011866610e+00
2.924618318656986737e+00
1.784106186736590827e+00
-8.540465502454730462e-01
1.537295742036273172e+00
-1.863572749672878004e+00
-2.366829677604067594e+00
-1.332339695602299923e+00
-1.447080175005735381e+00
-7.443051346239128563e+00
-6.515050178695038774e+00
-2.198238670658254623e+00
-1.529200011124776104e+00
-4.644242174752939434e-01
-1.485129185914509042e+00
-8.801062116434505977e-01
-4.496408489802556474e+00
-1.778508415830317047e+00
-5.146573467523645640e+00
-1.777925903586679901e+00
-3.648283789322731341e+00
-2.376834442135493664e-01
-3.547152132265983138e+00
2.525105570027438517e+00
3.761789016587516965e+00
2.718581658352825947e+00
-6.343187368534578541e-01
-5.078962312755626485e+00
-9.140000016076526013e-01
-3.285927932843761390e+00
2.582144109214747907e+00
-1.603468143486965980e+00
-5.957736180118659242e+00
-3.494796916681158105e+00
2.704667834452234132e+00
-2.631201378631550014e+00
-2.408210226539777565e+00
-7.214928439926583614e+00
-7.631503495843138474e+00
2.377854795774991370e+00
5.882807017767420099e+00
9.397114467787784919e-01
-7.058324447532180912e+00
-7.739904694249730155e-02
1.218121792085381294e+01
2.457179730630346004e+00
-5.868786876622555937e-01
-7.925885488615854735e-01
-4.726521352721682945e+00
3.747874527365154140e+00
5.787551515494581800e+00
1.712554485904205226e+00
-2.386519587547743182e+00
5.916481007040029105e+00
-5.249799028467197815e+00
-6.944804083808918449e+00
-4.036360355040449654e+00
-9.836266550614952919e+00
1.450741846556032666e+00
4.549667273411873158e-01
-2.609955739925521101e+00
-3.409225237260439911e+00
-2.113692916654573928e+00
-2.517930416648199721e+00
-2.352202665221052591e+00
-2.765327298091250219e-01
1.824992167860677750e+00
-1.385538770974293898e+00
3.000460376380663874e+00
-3.363154780659246779e+00
-5.820669246803753083e+00
1.579141547195872075e+00
-1.900725143350607604e+00
8.949760845665359899e-01
-1.362621140410365861e+00
2.597196181276219562e+01
-2.846920995923722053e+00
-4.080174167745692415e+00
-4.820963297585156404e+00
-1.537456884980624161e-01
4.280307036773697282e-01
2.728922135858418585e+00
-5.643605148516925296e-02
-1.414247232252040076e+00
-2.566012429643101278e+00
-7.266576418448429386e-01
1.541096473908168063e+00
-1.730536466459456024e+00
-7.067303136533151786e+00
6.102803916456065458e+00
6.685281396465041048e+00
-2.664917169427226451e+00
-3.315206951710895744e+00
1.017776399431595813e+00
-2.260712866472434079e+00
3.313518957036751811e+00
-6.332435806605503537e+00
9.213866957949610637e+00
-2.534885479286657084e+00
-4.708976805320897796e+00
-4.776307505651688601e+00
-7.456359252132993554e-01
2.626989278826543206e+00
-1.097239586340580608e+00
-1.421068397910588033e+00
-3.360326760188036221e+00
-1.654624090611448439e-01
1.179205129102552707e+00
-3.648045230016900842e+00
2.480808455960444192e+00
-5.675422138832157515e+00
-1.782586886905476842e+00
-4.122948182341794165e+00
1.983292643606194972e+01
-8.248265872616292738e-01
-2.994052862458456143e+00
-1.232674479486822516e+00
-4.594186377584962955e+00
7.966384838860327555e-01
-2.731769762558929671e+00
-8.025794858821400979e+00
-5.020083372648776354e+00
-1.391639899437094874e+00
-1.451587085075931371e+00
-7.931463256083019608e+00
4.390606143622541424e+00
-1.122798763110577625e+01
-3.932329621385758589e+00
-6.230266169472487015e+00
-2.351896802398658171e+00
-1.366064809139318648e+01
3.591934488092913824e+00
-2.431434956296264271e+00
-7.013406016000790499e-01
2.048581877108439198e+00
-5.224624123108005946e+00
4.170143008995169431e+00
9.305591927815546782e+00
4.137779590673527075e-01
-2.617196359691138241e+01
-2.796822029566819356e+00
1.062251823476406720e+01
-2.566925984851722298e+00
-1.521476735241460709e-01
-2.869443226075950815e+00
6.344259540950196730e-01
-9.257459726605942407e+00
4.930980664835625582e+00
2.670763157191946569e+00
1.299942893134879984e+00
-1.726950709538398687e+00
-5.967056686140052690e+00
-1.303964005058443787e+00
4.087083278028380562e+00
1.045423876084585757e+01
-1.668746247185965315e+00
3.005384312103180910e+00
-5.291670290847243940e+00
-3.293620697990721879e+00
-5.777138863951634562e+00
3.465041332862831780e+00
-3.484692560402522066e+00
1.009136684350946611e+00
-7.466944554156559333e-01
1.067505503754768936e+00
-4.740454908884856877e+00
5.063921895380604887e+00
-1.361783727276960398e+00
6.250447198203703536e+00
-9.353145685071018178e-01
-6.777611304086741395e-01
1.001612689604926842e+01
-3.147672586026405650e+00
-3.098744835678930887e+00
-3.686941221532349822e+00
1.395234810715760609e+01
3.061653961112408062e+00
-7.764241841083637796e-01
4.289532356387387724e-01
9.714488010741661128e+00
-2.085379883408922552e+00
1.662260454328725956e+01
-4.297580370441766995e+00
3.159156384217227664e-01
-8.277239575491605883e-02
1.971493509769536301e+00
-3.881838937214383556e+00
9.202228015253846038e+00
1.998287726050525137e+01
2.845166514899965526e-01
4.234329813882416360e+00
4.241478565958033187e+00
-3.670023947036513245e+00
2.785914907441954913e+00
-5.871864210914936599e+00
6.092935573906303581e+00
-1.921688151604003192e+00
-1.675475205654048505e+00
7.364431062837364372e-01
-5.799913914872321108e-01
-7.002337123123086871e-01
1.790213660567002985e-01
-6.935896252479132329e-01
-2.623425124671312947e+00
6.128145076508170197e-01
-4.328153112339864883e+00
-6.313082180075030969e+00
-7.201239022660604228e+00
-2.921340348200766712e+00
-6.375187040175523734e+00
5.337629957876565356e+00
-5.870768052603573928e+00
-2.220131842799156985e+00
1.425216132350416220e+00
-1.938365439411191993e+00
-5.849803697803806379e+00
4.689360355189360341e+00
4.037421605483065834e-01
-1.395662885101579320e+00
-6.122563050255902084e+00
2.601272014159813750e+01
3.510326564150323403e+00
-4.283448961290053703e+00
-2.279384263655171328e+00
-4.210470505699258403e+00
-1.874730068020533436e+00
-6.500501245715944343e+00
-1.310115388334396558e+00
-8.062609235171981581e+00
-2.543098034742365510e+00
3.674164045190580818e+00
-2.515508526586307081e+00
5.753983363434763021e+00
-3.247548187168982192e+00
4.679061202477167392e+00
5.929119256596871779e+00
-7.210556814391313907e+00
1.187820359734588749e+01
1.177439794094165926e+01
-1.375144631077365842e+00
1.429411401065281195e+00
2.479800218825036318e+00
-2.009379186646397919e+00
9.610052094620011864e-01
6.200687751708062301e+00
9.076840199397368636e+00
-4.659502008457762301e+00
-1.012419916320139501e+00
-4.958579998260422173e+00
2.648379406874331377e+00
-2.375514785191974454e+00
-9.535144618474670208e-01
-3.033313518418593868e-01
-7.227050305583057721e+00
1.101457243736077096e+01
-9.993563527441851946e+00
1.135603851941658221e-01
4.548369079302462481e+00
-1.564961430595628533e+00
-1.968833987592873536e+00
-4.029927749760485511e+00
-8.640277009234143435e+00
-8.892241351894440982e+00
5.290157316474119575e+00
4.005804442375869634e+00
-1.017444485487490979e+01
-6.014731790916014731e+00
2.803625995435393703e-01
-2.193928749567186642e+00
-4.749000666362072742e+00
-1.252949396759652556e+00
-3.470838544114336899e-01
-9.914055314582494560e+00
1.903136927295790759e+00
1.265682005090817874e+01
5.011254916709236618e+00
2.917481247139153666e+01
1.116904690946759438e+01
2.482970362832204358e+01
3.891927292961419482e+00
-3.312895635417717699e+00
5.099090285157686919e-01
2.173054008073386001e+00
-3.953464460642208245e+00
-3.064856462976339735e+00
5.610646331697211053e+00
5.841636162109322683e-01
1.914083080401060677e+00
3.929881557385460855e+00
3.929434364393006973e+00
7.911756487509361335e+00
-1.101308329741819136e+00
6.513711869667162091e+00
-4.426248778292452002e+00
-6.263214754905113146e+00
2.759202930294422540e+00
-5.704261932088761533e+00
2.586189959363554003e+00
-3.176740131977837112e-01
-3.529661361891837323e+00
-1.314589198464980235e+00
-5.039296926528035847e+00
4.702208977106273058e-01
-1.522684271384688204e+00
1.343851187159376259e+01
-3.086936364884784734e+00
-3.733913085319747610e-02
-4.627107571227716321e+00
-3.985039015954012331e+00
-2.531295433521492111e+00
3.810142544580962465e+00
-1.563577771463704469e+00
-1.199463865979343957e+00
1.777100184576243747e+00
1.206353551661918599e+00
4.164735081521430543e-02
4.809779120522554852e-01
1.899094228025514974e+00
-1.922763660831833255e+00
2.611510118213615339e+00
5.351910147435973819e+00
-5.151542070476735624e+00
-5.424020860451214787e+00
-2.842518538818306961e+00
2.211040533680827203e+00
-2.909930886688716356e+00
-3.565499192232012504e+00
-4.191005114694459799e+00
-1.002633811911483797e+01
-5.639005910588783088e+00
1.746602734822467751e+00
2.459589421994466285e+00
-6.483452370692860400e-01
-7.290691876626815393e+00
7.478511086305016597e+00
-2.881091314507283840e+00
-5.743178343918414086e+00
5.203582622284143255e+00
-6.013174188157426325e-01
9.073486113258655283e-01
-5.772383138739167308e+00
3.379503971392223249e+00
3.626087387677326301e+00
2.780501123397274288e+00
7.093970981207942117e-01
2.862426300667632706e+00
-8.976536302118995891e+00
3.246962861639678621e+00
3.909323289451192007e+00
2.245575737419166718e+00
-4.696257200895853856e+00
-4.223623558659227228e+00
9.648125328491664598e-01
-2.648466181020747268e+00
9.997500759360492539e-01
-1.940766782789693945e+00
7.892303055761392905e+00
-1.510755032547729249e+00
3.296905890083133617e+00
-7.014461076234652204e+00
1.404207699769226325e+00
-8.370840178643502938e+00
-1.042947594018525326e+00
3.346152775312515981e+00
4.516031491010898513e+00
2.773145721686225862e+00
-2.074853634968636396e+00
-5.252949981053192663e-02
3.094090161630740798e+00
-1.294904704989218169e+00
-5.396541270388448552e+00
-3.384680933022008897e+00
4.349408101641452973e+00
-5.233984568177677765e+00
-6.485877755947955237e+00
-5.870030684808861032e+00
-4.946487081495361871e+00
2.956308354502994451e+00
-2.027002204611016545e+00
5.570248008670799500e+00
3.000708184485353591e+00
3.260545580874118166e+00
-5.059320625053143949e+00
-6.684609491951345461e+00
1.734514789762345410e+00
1.731326064471835346e+00
1.061967696923977833e+01
-1.706204190829015532e+00
-3.389687263368386105e+00
-3.608590260505354586e+00
-2.760035503680056568e+00
-1.666878027535791063e+00
-6.981731368251249847e+00
-6.897776200391543711e+00
9.902641651731679318e+00
-1.856170531997084039e+00
-8.822207488599219660e-01
2.141311643561898403e+00
-4.468152736125022173e+00
5.355420369969636774e-01
-5.488808602389645408e+00
-1.506923385229328449e+00
-7.492631651333583775e+00
-4.735054710964321956e+00
8.557084079564113210e+00
1.611974804652507842e+01
-7.314699085873769491e+00
-3.429056004421860315e+00
-2.835676904864541381e+00
-3.966636268646960506e+00
-6.507820389938934191e+00
-3.312378713274828801e+00
-9.293750678210940253e-01
1.617329867052395009e+00
4.949447002453829514e-01
-4.431489142772387702e+00
-3.127561630663704406e+00
1.770334496987065576e+00
1.710256528617568383e+00
-3.920719660597474565e+00
1.033923954480374618e+01
6.496513061344605156e+00
1.229540827658825108e+00
-6.823651934943617547e-01
-2.092054274831016691e-01
2.832636738859856784e+00
-1.896191913711341659e+00
5.586452094369828814e+00
-1.673010255046496031e+00
4.417614766223526557e-01
5.442224810890520459e+00
-5.745603583724237851e+00
1.481395040490011139e+00
-2.540317104957031447e+00
-4.860939575393945944e+00
-1.296897413243131147e+01
-4.470263191800989411e+00
2.516108669924291164e+00
-3.346589967742630289e+00
-5.601460176633638044e-01
3.025311661896869619e+00
-5.679236509096560193e-01
3.070070216155510678e+00
-2.649590890174763569e+00
-2.795676820901870641e-01
-2.016048385355540429e+00
8.246127847906453923e+00
-2.210939675161272877e+00
-3.005768412380524168e+00
3.574945659868939973e-01
1.038046185610955741e+00
5.441125632686332203e-01
1.742087399405104930e+00
-1.593270339698710014e+00
1.019217555865079738e+01
-4.481038974664757646e+00
8.668780824418773623e-01
4.164772731122144411e-01
-2.594769664645650398e+00
-5.632535508316449668e-01
-1.885911583060405183e+00
-7.854384565810824448e+00
-5.268924163391003113e+00
8.297291664406765577e+00
-1.503310638884221895e+00
3.756605196767406341e-01
-4.106765959288707912e-01
-3.125811912804385084e+00
2.020766359332978102e+00
-4.116211585825913843e+00
1.439520475699268554e-01
-5.405922180916514996e+00
-4.341803248440623264e+00
4.542577334495958574e+00
5.305186387372753387e-01
-4.901265151364088801e+00
5.698977796607416213e-01
-4.672792927819301667e+00
-6.423011987369062203e-02
1.519295295239230015e+00
3.967065843803063707e+00
-6.526789400012700249e+00
-4.541065781567881765e-01
8.288843147651203669e-01
-2.504536525570426608e-01
-2.663838101356454491e+00
-1.144656989753234155e+00
-1.890852993360830014e+00
2.079454087775806315e+00
-9.081273714240747363e-01
-4.555540291942401510e+00
2.682817360909075077e+00
-8.102751141285626346e+00
2.612685387343382515e-01
-5.656043119126138663e+00
-2.163226364207551100e+00
7.377165624706304159e-02
-5.546159229780590394e+00
2.080282258058150813e+00
1.832690055220654424e+00
-2.350294191163752044e-01
3.079656700713186535e+00
-3.867523576057322110e+00
3.937801572691112195e+00
4.826582733947069492e+00
-3.780354168693200734e+00
-2.449406199336210843e+00
2.432860894991535350e+00
7.286900438418195236e+00
-1.791633861287110552e+00
-1.969821508091509354e+00
1.198944404715240664e+00
-5.561553632892218602e+00
4.351762115508422291e+00
-1.088422034946244787e+00
-1.361703617112525633e+00
-1.988839123956835708e+00
-5.047975819978089085e+00
-6.948910866843378997e+00
-1.575058326666960218e+00
2.471135940363629491e+00
-5.494211203815906330e-01
-1.565842209810900609e+00
-7.516467219390875698e+00
8.277923446814177133e-01
1.064903304099707881e+01
-3.095898525960274483e+00
2.575599421467682060e+00
9.898740975534842335e+00
-7.859380018704711368e-01
-7.475805800545790580e-01
-3.768561186152666220e+00
-9.611075423947701424e+00
-7.021338842104706046e+00
1.888277181876245159e+00
3.698930116086974973e+00
-2.061359687771976645e+00
-4.638165875318742692e+00
1.026568145517024799e+00
9.825683664680681773e+00
9.382978233985415528e+00
1.590199849827546696e+00
-2.304371044673577895e+00
-1.878530224370427382e+00
-6.005835551451411902e+00
-4.639968948225032364e+00
9.756448388392028548e+00
-6.139410701054950792e+00
5.565063214018216797e+00
7.102843533328480063e-01
-8.349609947871435844e-01
1.425231874664604215e+00
-6.451048475284968831e+00
2.316906853109610420e+00
6.718431409846427060e-01
4.823781242099946631e+00
-1.432732977736363367e+01
-2.151267461344849696e+00
-9.386941294396636826e-01
5.349992791084050570e-01
-4.688372128371084635e+00
5.769678981164387821e+00
-4.029871292648310011e+00
-1.642255645588968083e+00
4.310666703794009180e+00
2.326182518267985999e-01
3.847919566519480750e+00
3.826714742568665395e-01
-3.978928237927816802e+00
3.376721050337244012e+00
1.061256676393137433e+01
-3.854430849194543818e+00
-5.390664193038581686e+00
-4.290068117219088428e+00
2.813522505136633600e-01
4.046961988155804768e+00
3.821775049261850299e+00
-1.083123344531892762e+01
9.482035874216570903e+00
-2.928414304262450862e+00
2.522313633951218215e+00
3.428551243467562459e-01
9.034349036786603060e-01
-3.732264558656603004e+00
-6.167119934694159866e+00
1.170260718565260660e+01
-6.013639578570569633e+00
-2.491560757728608522e+00
-3.897208073389586414e+00
3.023518003704125601e+00
2.655747404772694331e+00
8.068008726108313766e+00
-4.458667812257845142e+00
-2.409923642903163188e+00
-1.134244810984895224e+01
-6.413252092103165936e+00
8.019226755613658497e+00
5.131724759300093197e+00
7.376346196841471858e+00
-2.371241692067235451e+00
-5.207165187767198944e+00
-2.465919784647308433e+00
-3.285379667658149483e+00
-1.966972804204963232e+00
-1.829862249573465105e+00
-9.525633263265072870e+00
3.795920225844648499e+00
1.122420989373005273e+00
-3.319361457885782407e+00
-7.897371429140965127e+00
-8.087403149220254162e-02
7.718534410802150303e-01
4.431186943903258624e-01
-7.374954123080539325e+00
4.451682123024127691e+00
2.447898002407816076e+00
2.130858127518000078e+00
-7.013786386078064261e+00
1.905686608253029046e+00
1.809396949538149713e+01
